============================================================================================
  0. 数据与配置
============================================================================================
标的池: train=130 test=130 (按代码 md5 分桶，互斥)
区间: 2012-01-01 ~ 最新
再平衡: 每 20 根 | 前瞻: 40 根 | 结果窗口: 10 根
守住判据: 先到 上沿+1.0ATR 记 hold；先到 收盘<下沿-0.5ATR 记 break

检测器: V1_density, V1_density_w120, V2_fusion, V3_fusion, placebo_shift_v2, placebo_shift_v3, placebo_shift_v1, placebo_fixed

============================================================================================
  1. 走查回测
============================================================================================
train 关键位记录 466,861 条 | test 473,194 条

============================================================================================
  2.1 各检测器表现 — train 集（全部关键位）
============================================================================================
                     n_levels  med_width_atr  avg_dist_atr  touch_rate   n_decided  hold_rate  hold_lo95  hold_hi95  undecided_rate  edge_atr  fwd_ret_pct
detector                                                                                                                                                  
V1_density        16,844.0000         2.1828        2.6331      0.7156  9,204.0000     0.8781     0.8713     0.8846          0.2364   -0.2115      -0.2975
V1_density_w120   12,363.0000         3.0870        3.0382      0.6930  6,065.0000     0.9167     0.9095     0.9234          0.2921   -0.2323      -0.2770
V2_fusion         69,282.0000         1.2000        2.6514      0.6011 37,237.0000     0.7633     0.7590     0.7676          0.1058   -0.4144      -0.2115
V3_fusion         82,433.0000         1.2000        2.6081      0.5996 43,998.0000     0.7602     0.7562     0.7642          0.1099   -0.4129      -0.2096
placebo_shift_v2  65,649.0000         1.2000        2.5563      0.6177 36,193.0000     0.7589     0.7545     0.7633          0.1075   -0.3911      -0.1732
placebo_shift_v3  78,892.0000         1.2000        2.5490      0.6111 42,867.0000     0.7587     0.7546     0.7627          0.1108   -0.3526      -0.0720
placebo_shift_v1  23,738.0000         2.3122        2.7015      0.7325 13,091.0000     0.8668     0.8608     0.8725          0.2471   -0.2852      -0.2414
placebo_fixed    117,660.0000         0.6000        2.6667      0.5604 61,672.0000     0.7497     0.7463     0.7531          0.0647   -0.4988      -0.2277

============================================================================================
  2.3 同口径对比 — train 集（区宽 ≤ 1.5 ATR）
============================================================================================
                     n_levels  med_width_atr  touch_rate   n_decided  hold_rate  hold_lo95  edge_atr  fwd_ret_pct
detector                                                                                                         
V1_density         3,621.0000         1.2320      0.6070  1,720.0000     0.7994     0.7798   -0.1803      -0.2984
V1_density_w120    1,089.0000         1.2700      0.4986    377.0000     0.7639     0.7185   -0.1389       0.1277
V2_fusion         69,282.0000         1.2000      0.6011 37,237.0000     0.7633     0.7590   -0.4144      -0.2115
V3_fusion         82,433.0000         1.2000      0.5996 43,998.0000     0.7602     0.7562   -0.4129      -0.2096
placebo_shift_v2  65,649.0000         1.2000      0.6177 36,193.0000     0.7589     0.7545   -0.3911      -0.1732
placebo_shift_v3  78,892.0000         1.2000      0.6111 42,867.0000     0.7587     0.7546   -0.3526      -0.0720
placebo_shift_v1   4,228.0000         1.2527      0.6433  2,184.0000     0.7596     0.7412   -0.3351      -0.2205
placebo_fixed    117,660.0000         0.6000      0.5604 61,672.0000     0.7497     0.7463   -0.4988      -0.2277

============================================================================================
  2.2 各检测器表现 — test 集（全部关键位）
============================================================================================
                     n_levels  med_width_atr  avg_dist_atr  touch_rate   n_decided  hold_rate  hold_lo95  hold_hi95  undecided_rate  edge_atr  fwd_ret_pct
detector                                                                                                                                                  
V1_density        17,228.0000         2.2148        2.6499      0.7246  9,486.0000     0.8771     0.8703     0.8835          0.2401   -0.1960      -0.1854
V1_density_w120   12,100.0000         3.0893        3.0606      0.6976  6,056.0000     0.9179     0.9108     0.9246          0.2825   -0.2184      -0.1299
V2_fusion         70,616.0000         1.2000        2.6544      0.6015 37,953.0000     0.7615     0.7572     0.7658          0.1064   -0.3790      -0.1029
V3_fusion         83,661.0000         1.2000        2.6090      0.6007 44,618.0000     0.7581     0.7541     0.7620          0.1122   -0.3778      -0.1126
placebo_shift_v2  66,550.0000         1.2000        2.5613      0.6168 36,699.0000     0.7583     0.7539     0.7627          0.1060   -0.3477      -0.1051
placebo_shift_v3  79,821.0000         1.2000        2.5507      0.6151 43,634.0000     0.7590     0.7550     0.7630          0.1112   -0.3579      -0.1069
placebo_shift_v1  24,016.0000         2.3192        2.7098      0.7357 13,253.0000     0.8732     0.8675     0.8788          0.2499   -0.2153      -0.1383
placebo_fixed    119,202.0000         0.6000        2.6667      0.5631 62,642.0000     0.7488     0.7454     0.7522          0.0668   -0.4401      -0.1153

============================================================================================
  2.4 同口径对比 — test 集（区宽 ≤ 1.5 ATR）
============================================================================================
                     n_levels  med_width_atr  touch_rate   n_decided  hold_rate  hold_lo95  edge_atr  fwd_ret_pct
detector                                                                                                         
V1_density         3,486.0000         1.2382      0.6076  1,639.0000     0.8005     0.7804   -0.1086       0.0301
V1_density_w120    1,078.0000         1.2682      0.4935    378.0000     0.7751     0.7304    0.0567       1.3923
V2_fusion         70,616.0000         1.2000      0.6015 37,953.0000     0.7615     0.7572   -0.3790      -0.1029
V3_fusion         83,661.0000         1.2000      0.6007 44,618.0000     0.7581     0.7541   -0.3778      -0.1126
placebo_shift_v2  66,550.0000         1.2000      0.6168 36,699.0000     0.7583     0.7539   -0.3477      -0.1051
placebo_shift_v3  79,821.0000         1.2000      0.6151 43,634.0000     0.7590     0.7550   -0.3579      -0.1069
placebo_shift_v1   4,182.0000         1.2602      0.6540  2,156.0000     0.7778     0.7598   -0.1988      -0.2052
placebo_fixed    119,202.0000         0.6000      0.5631 62,642.0000     0.7488     0.7454   -0.4401      -0.1153

============================================================================================
  3. 支撑 vs 阻力（test 集，区宽 ≤ 1.5 ATR）
============================================================================================
                               n_levels  touch_rate   n_decided  hold_rate  hold_lo95  edge_atr  fwd_ret_pct
detector         kind                                                                                       
V1_density       support     2,165.0000      0.5709    911.0000     0.8101     0.7833    0.3007       0.4797
                 resistance  1,321.0000      0.6677    728.0000     0.7885     0.7573   -0.6823      -0.5998
V1_density_w120  support       844.0000      0.4550    262.0000     0.7748     0.7205    0.2188       2.1240
                 resistance    234.0000      0.6325    116.0000     0.7759     0.6918   -0.3640      -0.5061
V2_fusion        support    33,750.0000      0.5760 16,567.0000     0.7392     0.7325    0.2754       0.5866
                 resistance 36,866.0000      0.6248 21,386.0000     0.7788     0.7732   -0.9313      -0.6847
V3_fusion        support    41,616.0000      0.5727 20,064.0000     0.7361     0.7300    0.2414       0.5957
                 resistance 42,045.0000      0.6284 24,554.0000     0.7760     0.7707   -0.9363      -0.7515
placebo_shift_v2 support    31,841.0000      0.5913 16,039.0000     0.7337     0.7268    0.2536       0.5211
                 resistance 34,709.0000      0.6402 20,660.0000     0.7774     0.7717   -0.8572      -0.6357
placebo_shift_v3 support    39,423.0000      0.5875 19,622.0000     0.7385     0.7323    0.2334       0.5696
                 resistance 40,398.0000      0.6419 24,012.0000     0.7758     0.7705   -0.8860      -0.7112
placebo_shift_v1 support     2,417.0000      0.6107  1,081.0000     0.7586     0.7322    0.1698       0.2092
                 resistance  1,765.0000      0.7133  1,075.0000     0.7972     0.7721   -0.6309      -0.6910
placebo_fixed    support    59,601.0000      0.5257 28,033.0000     0.7051     0.6997    0.1757       0.6470
                 resistance 59,601.0000      0.6005 34,609.0000     0.7842     0.7799   -0.9793      -0.7827

============================================================================================
  4. 提升度与显著性（test 集，区宽 ≤ 1.5 ATR，未控距离）
============================================================================================
               base        chal  base_hold  chal_hold  lift_pp  base_n  chal_n       z  p_value  base_edge_atr  chal_edge_atr  edge_lift
0  placebo_shift_v3   V3_fusion     0.7590     0.7581  -0.0938   43634   44618 -0.3255   0.7448        -0.3579        -0.3778    -0.0199
1  placebo_shift_v2   V2_fusion     0.7583     0.7615   0.3216   36699   37953  1.0285   0.3037        -0.3477        -0.3790    -0.0313
2  placebo_shift_v1  V1_density     0.7778     0.8005   2.2659    2156    1639  1.6905   0.0909        -0.1988        -0.1086     0.0901
3     placebo_fixed   V3_fusion     0.7488     0.7581   0.9247   62642   44618  3.4594   0.0005        -0.4401        -0.3778     0.0624
4         V2_fusion   V3_fusion     0.7615     0.7581  -0.3490   37953   44618 -1.1696   0.2421        -0.3790        -0.3778     0.0012
5        V1_density   V3_fusion     0.8005     0.7581  -4.2431    1639   44618 -3.9478   0.0001        -0.1086        -0.3778    -0.2691

============================================================================================
  4b. 控制距离后的对比 — CMH 分层检验（test 集）
============================================================================================
距离是最强主效应（阻力守住率随距离 +16.5pp），不控制距离的比较没有意义。
下表在同一距离档内比较，hold 用 CMH 合并检验，fwd_ret 用各档等权平均。

          kind              base        chal  n_strata  base_hold_eq  chal_hold_eq  hold_lift_pp  cmh_p  or_mh  base_fwd_eq  chal_fwd_eq  fwd_lift_pp  edge_lift
0      support  placebo_shift_v3   V3_fusion         6        0.7390        0.7351       -0.3913 0.3815 0.9799       0.5713       0.5972       0.0260     0.0118
1      support  placebo_shift_v2   V2_fusion         6        0.7342        0.7383        0.4095 0.3952 1.0220       0.5273       0.5780       0.0507     0.0232
2      support  placebo_shift_v1  V1_density         6        0.7582        0.8115        5.3328 0.0053 1.3742       0.1745       0.5005       0.3260     0.1519
3      support     placebo_fixed   V3_fusion         5        0.7134        0.7436        3.0167 0.0000 1.2230       0.5768       0.6707       0.0938     0.0722
4      support         V2_fusion   V3_fusion         6        0.7392        0.7357       -0.3476 0.4608 0.9822       0.5733       0.6043       0.0309    -0.0295
5      support        V1_density   V3_fusion         6        0.8108        0.7360       -7.4889 0.0000 0.6654       0.4246       0.5964       0.1719    -0.0446
6   resistance  placebo_shift_v3   V3_fusion         6        0.7746        0.7715       -0.3054 0.4436 0.9830      -0.7106      -0.7501      -0.0395    -0.0402
7   resistance  placebo_shift_v2   V2_fusion         6        0.7765        0.7738       -0.2630 0.5813 0.9867      -0.6315      -0.6844      -0.0529    -0.0608
8   resistance  placebo_shift_v1  V1_density         6        0.7952        0.7790       -1.6123 0.5316 0.9212      -0.6664      -0.6354       0.0310    -0.0157
9   resistance     placebo_fixed   V3_fusion         5        0.7970        0.7962       -0.0816 0.3728 0.9749      -0.8526      -0.7142       0.1384     0.1445
10  resistance         V2_fusion   V3_fusion         6        0.7751        0.7738       -0.1237 0.7474 0.9924      -0.6889      -0.7469      -0.0579    -0.0103
11  resistance        V1_density   V3_fusion         6        0.7939        0.7728       -2.1080 0.2243 0.8893      -0.6516      -0.7519      -0.1002    -0.1901

============================================================================================
  4c. V3 vs 平移对照 逐距离档明细 — support
============================================================================================
         dist_bin  base_n  chal_n  base_hold  chal_hold  base_fwd  chal_fwd  base_edge  chal_edge
0  (0.499, 1.009]    3616    2977     0.6897     0.6920    0.4033    0.5205     0.3179     0.3486
1  (1.009, 1.382]    3006    3410     0.7122     0.7155    0.3225    0.2006     0.2444     0.2300
2  (1.382, 1.847]    3225    3339     0.7535     0.7323    0.4798    0.6141     0.2887     0.2206
3   (1.847, 2.45]    3102    3533     0.7537     0.7481    0.6856    0.5046     0.2077     0.2209
4   (2.45, 3.295]    3321    3274     0.7603     0.7578    0.7625    0.6512     0.1830     0.1816
5    (3.295, 5.0]    3352    3531     0.7643     0.7647    0.7738    1.0925     0.1485     0.2589

============================================================================================
  4c. V3 vs 平移对照 逐距离档明细 — resistance
============================================================================================
         dist_bin  base_n  chal_n  base_hold  chal_hold  base_fwd  chal_fwd  base_edge  chal_edge
0  (0.499, 1.049]    4049    3416     0.6624     0.6648   -0.7508   -0.7300    -0.5850    -0.6422
1  (1.049, 1.486]    3607    4181     0.7350     0.7187   -0.7203   -0.9407    -0.6730    -0.7663
2  (1.486, 2.027]    4023    4034     0.7855     0.7690   -0.7353   -0.9135    -0.8652    -0.9422
3  (2.027, 2.721]    4008    4246     0.7969     0.8109   -0.8974   -0.6729    -0.9508    -0.9000
4  (2.721, 3.612]    4270    4153     0.8279     0.8175   -0.5790   -0.6068    -1.0431    -1.0446
5  (3.612, 4.999]    4055    4524     0.8400     0.8484   -0.5807   -0.6366    -1.2289    -1.2920

============================================================================================
  5. 几何精度：预测位 vs 未来真实摆动极值（test 集）
============================================================================================
                  n_points  avg_n_out  avg_n_eval  recall_hit_05  recall_hit_10  median_err_atr  precision_hit_05  recall_per_level  n_truth
detector                                                                                                                                    
V1_density           19867     0.8672      0.8672         0.1839         0.3391          1.7653            0.2720            0.1314    32486
V1_density_w120      19867     0.6091      0.6091         0.1520         0.2870          2.0195            0.2462            0.1197    25821
V2_fusion            19867     3.5544      3.5544         0.2577         0.4526          1.2102            0.2647            0.0777    93905
V3_fusion            19867     4.2111      4.2111         0.2863         0.4786          1.0933            0.2671            0.0696   101084
placebo_fixed        19867     6.0000      6.0000         0.4023         0.5670          0.7175            0.2705            0.0670   104014
placebo_shift_v1     19867     1.2088      1.2088         0.1662         0.3106          1.9205            0.2651            0.1147    47645
placebo_shift_v2     19867     3.3498      3.3498         0.2303         0.3951          1.4980            0.2707            0.0749    91416
placebo_shift_v3     19867     4.0178      4.0178         0.2504         0.4191          1.3734            0.2709            0.0652    98574

recall_hit_05 = 未来真实枢轴中，有多少比例落在某个预测位 0.5 ATR 内
precision_hit_05 = 预测位中，有多少比例命中了未来真实枢轴
median_err_atr = 真实枢轴到最近预测位的中位距离（ATR 倍数，越小越好）

============================================================================================
  6. 概率校准（train 拟合 → test 验证）
============================================================================================
         bin      n  pred_mean  actual   lo95   hi95     gap
0  [0.6,0.8)  12223     0.7209  0.7213 0.7133 0.7292 -0.0004
1  [0.8,0.9)  32393     0.7757  0.7720 0.7674 0.7765  0.0038
2  [0.9,1.0)      2     1.0000  0.0000 0.0000 0.6576  1.0000

test Brier = 0.1828 | ECE = 0.0029 | 基准(常数预测) Brier = 0.1834

============================================================================================
  7. 得分单调性（test 集，V3_fusion，区宽 ≤ 1.5 ATR）
============================================================================================
                n  score_mean  hold_rate  edge_atr  fwd_ret_pct
bucket                                                         
Q1     9,231.0000      1.0552     0.7171   -0.4378      -0.3633
Q2     8,630.0000      1.8612     0.7483   -0.3405       0.0143
Q3     8,930.0000      2.2823     0.7695   -0.3230       0.1797
Q4     8,905.0000      2.6244     0.7720   -0.3178       0.1109
Q5     8,922.0000      3.0440     0.7844   -0.4107       0.1168

得分高的关键位守住率应显著高于得分低的 —— 否则 score 没有区分度。

============================================================================================
  8. 区宽分层（test 集，V3_fusion）
============================================================================================
                     n  hold_rate  edge_atr
wb                                         
(0.0, 0.5] 11,981.0000     0.7120   -0.5152
(0.5, 0.8]  4,319.0000     0.7275   -0.3395
(0.8, 1.1]  1,992.0000     0.7776   -0.3145
(1.1, 1.5] 26,326.0000     0.7825   -0.3074

区间越宽，hold_rate 天然越高 —— 因此跨算法比较必须固定区宽口径。

============================================================================================
  9. 机械交易回测（test 集，做多支撑，成本 0.15%/笔）
============================================================================================
                             n_trades  win_rate  avg_ret_pct  med_ret_pct  profit_factor   t_stat
detector         kind                                                                            
V1_density       support         1152    0.5043       0.3773       0.0654         1.1019   1.0889
                 resistance       809    0.4969      -0.6928      -0.0745         0.8111  -2.0144
V1_density_w120  support          333    0.5706       1.5768       1.1280         1.3640   1.8930
                 resistance       143    0.5455      -0.4785       0.8669         0.8797  -0.5532
V2_fusion        support        17817    0.4995       0.3622      -0.0095         1.1113   4.7945
                 resistance     20164    0.5019      -0.8272       0.0311         0.7942 -10.7567
V3_fusion        support        22008    0.5023       0.3905       0.0401         1.1218   5.7937
                 resistance     23355    0.5022      -0.9082       0.0390         0.7812 -12.4291
placebo_shift_v2 support        17496    0.5040       0.3632       0.0872         1.1114   4.7261
                 resistance     19962    0.5069      -0.8386       0.1242         0.7931 -10.7090
placebo_shift_v3 support        21504    0.4987       0.3745      -0.0185         1.1154   5.3934
                 resistance     23321    0.5036      -0.8915       0.0646         0.7848 -12.0054
placebo_shift_v1 support         1395    0.4867      -0.0106      -0.2660         0.9972  -0.0353
                 resistance      1183    0.5207      -0.7707       0.3655         0.7970  -2.7031
placebo_fixed    support        28854    0.5102       0.4529       0.1577         1.1393   7.4506
                 resistance     32178    0.5117      -0.9109       0.1979         0.7903 -13.6502

============================================================================================
  11. 导出评分标定表 -> data/score_calibration.json
============================================================================================
线上不再展示任何单个关键位的『守住率』，而是展示它落在历史哪个分位档，以及该档在样本外股票上的实测表现。这样界面上每个数字都能追溯到本回测。

         kind bucket     n  n_decided  hold_rate  hold_lo95  fwd_ret_pct  edge_atr touch_rate
0     support     Q1  4452       3856     0.6979     0.6832       0.4152    0.1222       None
1     support     Q2  4644       3909     0.7286     0.7144       0.4806    0.2076       None
2     support     Q3  5146       4219     0.7409     0.7275       0.4861    0.2173       None
3     support     Q4  4830       4080     0.7466     0.7330       0.8089    0.2962       None
4     support     Q5  4762       4000     0.7645     0.7511       0.7788    0.3563       None
5  resistance     Q1  5122       4879     0.7311     0.7185      -1.2080   -0.9611       None
6  resistance     Q2  5417       4985     0.7649     0.7529      -0.7248   -0.8893       None
7  resistance     Q3  5336       4927     0.7938     0.7823      -0.4237   -0.8383       None
8  resistance     Q4  5461       5054     0.7942     0.7829      -0.7330   -0.9108       None
9  resistance     Q5  5084       4709     0.7961     0.7844      -0.6838   -1.0917       None


总耗时 778s | 明细已保存到 out/final/

